3.659825 -26147.926380
4.970195 -25987.430526
8.534242 -25982.936421
14.167042 -25975.863609
21.018187 -25974.292780
30.075183 -25962.298218
38.837765 -25961.320883
47.584679 -25960.398319
56.845065 -25952.194245
65.705544 -25951.656421
74.279210 -25951.378173
82.969421 -25949.591544
91.435688 -25948.116028
99.771487 -25948.030718
108.152643 -25947.962598
116.908518 -25947.752021
124.458367 -25946.676294
131.720577 -25946.475261
138.932868 -25946.360574
146.106722 -25946.350509
153.330801 -25946.350509
161.642565 -25946.350509
170.534226 -25946.350509
178.449065 -25946.350509
