1707.712644 -26167.230009
1708.970309 -26034.851079
1712.330889 -25995.102924
1717.847853 -25993.746374
1724.653348 -25992.882158
1733.603715 -25961.425110
1742.664500 -25952.241321
1751.243594 -25943.719352
1760.291996 -25942.795981
1767.865287 -25940.970371
1775.231998 -25940.894171
1782.531215 -25940.864147
1789.832682 -25940.831173
1797.054277 -25940.266739
1804.235321 -25940.253016
1811.454956 -25938.088222
1818.466405 -25938.088222
1826.456519 -25938.088222
1836.339810 -25937.588354
1845.845206 -25937.588354
1856.026753 -25937.588354
1865.768414 -25937.588354
1874.625974 -25937.055731
1885.464945 -25935.452752
1894.003951 -25935.452752
1902.803246 -25935.452752
1912.098769 -25935.452752
1920.890326 -25935.452752
