2563.780727 -26115.683740
2565.036962 -25989.438655
2568.871405 -25987.507665
2574.845583 -25962.332910
2580.785386 -25957.428168
2586.853192 -25953.547103
2592.299992 -25953.390944
2597.741143 -25953.279958
2603.200206 -25952.520488
2609.044441 -25952.162634
2617.388536 -25951.899669
2625.086313 -25951.899669
2633.346072 -25948.890827
2642.692617 -25947.151771
2650.779527 -25947.151771
2659.742961 -25942.042885
2668.502197 -25941.828910
2676.473620 -25941.677535
2684.030970 -25941.491024
2691.333326 -25941.491024
2699.385525 -25941.189064
2708.354955 -25941.021443
2716.044599 -25941.021443
2724.452611 -25941.021443
2733.838181 -25941.021443
2742.620652 -25941.021443
