2746.098696 -26129.662259
2747.374709 -26039.855318
2750.583469 -26014.458387
2756.849246 -26013.922418
2764.966292 -25975.764305
2773.731721 -25965.010406
2781.312971 -25963.530402
2789.196482 -25961.703434
2797.129931 -25956.324694
2804.795021 -25954.109351
2812.496831 -25948.880550
2820.057388 -25947.322314
2828.203957 -25947.023961
2836.089342 -25944.155211
2843.657630 -25944.059433
2851.259906 -25943.970509
2859.514423 -25943.852689
2866.978524 -25943.852689
2875.272570 -25939.381864
2884.659500 -25938.577506
2892.960586 -25938.577506
2901.560133 -25938.577506
2911.065664 -25938.577506
2918.956366 -25938.577506
