2288.502417 -26095.847847
2289.797678 -25991.814988
2293.482278 -25984.397370
2299.865753 -25981.581684
2307.871935 -25960.416157
2315.725200 -25958.814036
2323.730510 -25958.463267
2331.781526 -25954.998672
2339.144763 -25954.950383
2346.424814 -25954.865759
2353.581596 -25954.865759
2361.466948 -25954.865759
2371.706335 -25951.761625
2381.448585 -25951.629400
2389.715486 -25951.629400
2398.192056 -25951.629400
2407.958936 -25951.629400
2416.940097 -25951.416886
2428.074595 -25950.204730
2437.057945 -25950.204730
2446.152017 -25950.204730
2456.070363 -25950.204730
2464.599385 -25950.204730
