1924.112574 -26060.643556
1925.312057 -25996.609097
1928.707535 -25996.268914
1934.301609 -25977.784247
1939.929616 -25972.882736
1945.036815 -25972.789883
1950.725492 -25971.901631
1958.251790 -25971.901631
1967.450677 -25964.279141
1977.889373 -25957.010516
1987.190517 -25951.868630
1995.896473 -25950.290170
2004.286434 -25949.878418
2012.382662 -25949.446966
2020.663085 -25947.077294
2028.516180 -25947.077294
2037.823097 -25942.839548
2047.640278 -25942.839543
2057.473606 -25942.839543
2065.930181 -25942.839543
2075.088544 -25942.839543
